(
    // min z
    (	0	8.8940260E+00	-7.7812650E-01	)
    (	0	1.0285463E+01	-8.9986149E-01	)
    (	0	1.1676901E+01	-1.0215965E+00	)
    (	0	1.3068338E+01	-1.1433315E+00	)
    (	0	1.4459775E+01	-1.2650664E+00	)
    (	0	1.5851213E+01	-1.3868014E+00	)
    (	0	1.7242650E+01	-1.5085364E+00	)
    (	0	1.8634088E+01	-1.6302714E+00	)
    (	0	2.0025525E+01	-1.7520064E+00	)
    (	0	2.1416962E+01	-1.8737414E+00	)
    (	0	2.2808400E+01	-1.9954764E+00	)
    (	0	2.4199837E+01	-2.1172113E+00	)
    (	0	2.5591274E+01	-2.2389463E+00	)
    (	0	2.6982712E+01	-2.3606813E+00	)
    (	0	2.8374149E+01	-2.4824163E+00	)
    (	0	2.9765586E+01	-2.6041513E+00	)
    (	0	3.1157024E+01	-2.7258863E+00	)
    (	0	3.2548461E+01	-2.8476212E+00	)
    (	0	3.3939899E+01	-2.9693562E+00	)
    (	0	3.5331336E+01	-3.0910912E+00	)
    (	0	3.6722773E+01	-3.2128262E+00	)
    (	0	3.8114211E+01	-3.3345612E+00	)
    (	0	3.9505648E+01	-3.4562962E+00	)
    (	0	4.0897085E+01	-3.5780312E+00	)
    (	0	4.2288523E+01	-3.6997661E+00	)
    (	0	4.3679960E+01	-3.8215011E+00	)
    (	0	4.5071398E+01	-3.9432361E+00	)
    (	0	4.6462835E+01	-4.0649711E+00	)
    (	0	4.7854272E+01	-4.1867061E+00	)
    (	0	4.9245710E+01	-4.3084411E+00	)
    (	0	5.0637147E+01	-4.4301761E+00	)
    (	0	5.2028584E+01	-4.5519110E+00	)
    (	0	5.3420022E+01	-4.6736460E+00	)
    (	0	5.4811459E+01	-4.7953810E+00	)
    (	0	5.6202896E+01	-4.9171160E+00	)
    (	0	5.7594334E+01	-5.0388510E+00	)
    (	0	5.8985771E+01	-5.1605860E+00	)
    (	0	6.0377209E+01	-5.2823210E+00	)
    (	0	6.1768646E+01	-5.4040559E+00	)
    (	0	6.3160083E+01	-5.5257909E+00	)
    (	0	6.4551521E+01	-5.6475259E+00	)
    (	0	6.5942958E+01	-5.7692609E+00	)
    (	0	6.7334395E+01	-5.8909959E+00	)
    (	0	6.8725833E+01	-6.0127309E+00	)
    (	0	7.0117270E+01	-6.1344658E+00	)
    (	0	7.1508707E+01	-6.2562008E+00	)
    (	0	7.2900145E+01	-6.3779358E+00	)
    (	0	7.4291582E+01	-6.4996708E+00	)
    (	0	7.5683020E+01	-6.6214058E+00	)
    (	0	7.7074457E+01	-6.7431408E+00	)
    (	0	7.8465894E+01	-6.8648758E+00	)
    (	0	7.9857332E+01	-6.9866107E+00	)
    (	0	8.1248769E+01	-7.1083457E+00	)
    (	0	8.2640206E+01	-7.2300807E+00	)
    (	0	8.4031644E+01	-7.3518157E+00	)
    (	0	8.5423081E+01	-7.4735507E+00	)
    (	0	8.6814519E+01	-7.5952857E+00	)
    (	0	8.8205956E+01	-7.7170207E+00	)
    (	0	8.9597393E+01	-7.8387556E+00	)
    (	0	9.0988831E+01	-7.9604906E+00	)
    (	0	9.2380268E+01	-8.0822256E+00	)
    (	0	9.3771705E+01	-8.2039606E+00	)
    (	0	9.5163143E+01	-8.3256956E+00	)
    (	0	9.6554580E+01	-8.4474306E+00	)
    (	0	9.7946017E+01	-8.5691655E+00	)
    (	0	9.9337455E+01	-8.6909005E+00	)
    (	0	1.0072889E+02	-8.8126355E+00	)
    (	0	1.0212033E+02	-8.9343705E+00	)
    (	0	1.0351177E+02	-9.0561055E+00	)
    (	0	1.0490320E+02	-9.1778405E+00	)
    (	0	1.0629464E+02	-9.2995755E+00	)
    (	0	1.0768608E+02	-9.4213104E+00	)
    (	0	1.0907752E+02	-9.5430454E+00	)
    (	0	1.1046895E+02	-9.6647804E+00	)
    (	0	1.1186039E+02	-9.7865154E+00	)
    (	0	1.1325183E+02	-9.9082504E+00	)
    (	0	1.1464327E+02	-1.0029985E+01	)
    (	0	1.1603470E+02	-1.0151720E+01	)
    (	0	1.1742614E+02	-1.0273455E+01	)
    (	0	1.1881758E+02	-1.0395190E+01	)
    (	0	1.2020902E+02	-1.0516925E+01	)
    (	0	1.2160045E+02	-1.0638660E+01	)
    (	0	1.2299189E+02	-1.0760395E+01	)
    (	0	1.2438333E+02	-1.0882130E+01	)
    (	0	1.2577476E+02	-1.1003865E+01	)
    (	0	1.2716620E+02	-1.1125600E+01	)
    (	0	1.2855764E+02	-1.1247335E+01	)
    (	0	1.2994908E+02	-1.1369070E+01	)
    (	0	1.3134051E+02	-1.1490805E+01	)
    (	0	1.3273195E+02	-1.1612540E+01	)
    (	0	1.3412339E+02	-1.1734275E+01	)
    (	0	1.3551483E+02	-1.1856010E+01	)
    (	0	1.3690626E+02	-1.1977745E+01	)
    (	0	1.3829770E+02	-1.2099480E+01	)
    (	0	1.3968914E+02	-1.2221215E+01	)
    (	0	1.4108058E+02	-1.2342950E+01	)
    (	0	1.4247201E+02	-1.2464685E+01	)
    (	0	1.4386345E+02	-1.2586420E+01	)
    (	0	1.4525489E+02	-1.2708155E+01	)
    (	0	1.4664633E+02	-1.2829890E+01	)
    (	0	1.4803776E+02	-1.2951625E+01	)
    (	0	1.4942920E+02	-1.3073360E+01	)

    // max z
    (	0	8.8940260E+00	7.7812650E-01	)
    (	0	1.0285463E+01	8.9986149E-01	)
    (	0	1.1676901E+01	1.0215965E+00	)
    (	0	1.3068338E+01	1.1433315E+00	)
    (	0	1.4459775E+01	1.2650664E+00	)
    (	0	1.5851213E+01	1.3868014E+00	)
    (	0	1.7242650E+01	1.5085364E+00	)
    (	0	1.8634088E+01	1.6302714E+00	)
    (	0	2.0025525E+01	1.7520064E+00	)
    (	0	2.1416962E+01	1.8737414E+00	)
    (	0	2.2808400E+01	1.9954764E+00	)
    (	0	2.4199837E+01	2.1172113E+00	)
    (	0	2.5591274E+01	2.2389463E+00	)
    (	0	2.6982712E+01	2.3606813E+00	)
    (	0	2.8374149E+01	2.4824163E+00	)
    (	0	2.9765586E+01	2.6041513E+00	)
    (	0	3.1157024E+01	2.7258863E+00	)
    (	0	3.2548461E+01	2.8476212E+00	)
    (	0	3.3939899E+01	2.9693562E+00	)
    (	0	3.5331336E+01	3.0910912E+00	)
    (	0	3.6722773E+01	3.2128262E+00	)
    (	0	3.8114211E+01	3.3345612E+00	)
    (	0	3.9505648E+01	3.4562962E+00	)
    (	0	4.0897085E+01	3.5780312E+00	)
    (	0	4.2288523E+01	3.6997661E+00	)
    (	0	4.3679960E+01	3.8215011E+00	)
    (	0	4.5071398E+01	3.9432361E+00	)
    (	0	4.6462835E+01	4.0649711E+00	)
    (	0	4.7854272E+01	4.1867061E+00	)
    (	0	4.9245710E+01	4.3084411E+00	)
    (	0	5.0637147E+01	4.4301761E+00	)
    (	0	5.2028584E+01	4.5519110E+00	)
    (	0	5.3420022E+01	4.6736460E+00	)
    (	0	5.4811459E+01	4.7953810E+00	)
    (	0	5.6202896E+01	4.9171160E+00	)
    (	0	5.7594334E+01	5.0388510E+00	)
    (	0	5.8985771E+01	5.1605860E+00	)
    (	0	6.0377209E+01	5.2823210E+00	)
    (	0	6.1768646E+01	5.4040559E+00	)
    (	0	6.3160083E+01	5.5257909E+00	)
    (	0	6.4551521E+01	5.6475259E+00	)
    (	0	6.5942958E+01	5.7692609E+00	)
    (	0	6.7334395E+01	5.8909959E+00	)
    (	0	6.8725833E+01	6.0127309E+00	)
    (	0	7.0117270E+01	6.1344658E+00	)
    (	0	7.1508707E+01	6.2562008E+00	)
    (	0	7.2900145E+01	6.3779358E+00	)
    (	0	7.4291582E+01	6.4996708E+00	)
    (	0	7.5683020E+01	6.6214058E+00	)
    (	0	7.7074457E+01	6.7431408E+00	)
    (	0	7.8465894E+01	6.8648758E+00	)
    (	0	7.9857332E+01	6.9866107E+00	)
    (	0	8.1248769E+01	7.1083457E+00	)
    (	0	8.2640206E+01	7.2300807E+00	)
    (	0	8.4031644E+01	7.3518157E+00	)
    (	0	8.5423081E+01	7.4735507E+00	)
    (	0	8.6814519E+01	7.5952857E+00	)
    (	0	8.8205956E+01	7.7170207E+00	)
    (	0	8.9597393E+01	7.8387556E+00	)
    (	0	9.0988831E+01	7.9604906E+00	)
    (	0	9.2380268E+01	8.0822256E+00	)
    (	0	9.3771705E+01	8.2039606E+00	)
    (	0	9.5163143E+01	8.3256956E+00	)
    (	0	9.6554580E+01	8.4474306E+00	)
    (	0	9.7946017E+01	8.5691655E+00	)
    (	0	9.9337455E+01	8.6909005E+00	)
    (	0	1.0072889E+02	8.8126355E+00	)
    (	0	1.0212033E+02	8.9343705E+00	)
    (	0	1.0351177E+02	9.0561055E+00	)
    (	0	1.0490320E+02	9.1778405E+00	)
    (	0	1.0629464E+02	9.2995755E+00	)
    (	0	1.0768608E+02	9.4213104E+00	)
    (	0	1.0907752E+02	9.5430454E+00	)
    (	0	1.1046895E+02	9.6647804E+00	)
    (	0	1.1186039E+02	9.7865154E+00	)
    (	0	1.1325183E+02	9.9082504E+00	)
    (	0	1.1464327E+02	1.0029985E+01	)
    (	0	1.1603470E+02	1.0151720E+01	)
    (	0	1.1742614E+02	1.0273455E+01	)
    (	0	1.1881758E+02	1.0395190E+01	)
    (	0	1.2020902E+02	1.0516925E+01	)
    (	0	1.2160045E+02	1.0638660E+01	)
    (	0	1.2299189E+02	1.0760395E+01	)
    (	0	1.2438333E+02	1.0882130E+01	)
    (	0	1.2577476E+02	1.1003865E+01	)
    (	0	1.2716620E+02	1.1125600E+01	)
    (	0	1.2855764E+02	1.1247335E+01	)
    (	0	1.2994908E+02	1.1369070E+01	)
    (	0	1.3134051E+02	1.1490805E+01	)
    (	0	1.3273195E+02	1.1612540E+01	)
    (	0	1.3412339E+02	1.1734275E+01	)
    (	0	1.3551483E+02	1.1856010E+01	)
    (	0	1.3690626E+02	1.1977745E+01	)
    (	0	1.3829770E+02	1.2099480E+01	)
    (	0	1.3968914E+02	1.2221215E+01	)
    (	0	1.4108058E+02	1.2342950E+01	)
    (	0	1.4247201E+02	1.2464685E+01	)
    (	0	1.4386345E+02	1.2586420E+01	)
    (	0	1.4525489E+02	1.2708155E+01	)
    (	0	1.4664633E+02	1.2829890E+01	)
    (	0	1.4803776E+02	1.2951625E+01	)
    (	0	1.4942920E+02	1.3073360E+01	)

)

// *********************** vim: set ft=cpp et sw=4 : *********************** //
