(
    // min z
    (	0	3.5863010E+00	-3.1376070E-01	)
    (	0	3.6924555E+00	-3.2304802E-01	)
    (	0	3.7986100E+00	-3.3233533E-01	)
    (	0	3.9047645E+00	-3.4162265E-01	)
    (	0	4.0109190E+00	-3.5090996E-01	)
    (	0	4.1170735E+00	-3.6019728E-01	)
    (	0	4.2232280E+00	-3.6948460E-01	)
    (	0	4.3293825E+00	-3.7877191E-01	)
    (	0	4.4355370E+00	-3.8805923E-01	)
    (	0	4.5416915E+00	-3.9734654E-01	)
    (	0	4.6478460E+00	-4.0663386E-01	)
    (	0	4.7540005E+00	-4.1592118E-01	)
    (	0	4.8601550E+00	-4.2520849E-01	)
    (	0	4.9663095E+00	-4.3449581E-01	)
    (	0	5.0724640E+00	-4.4378312E-01	)
    (	0	5.1786185E+00	-4.5307044E-01	)
    (	0	5.2847730E+00	-4.6235776E-01	)
    (	0	5.3909275E+00	-4.7164507E-01	)
    (	0	5.4970820E+00	-4.8093239E-01	)
    (	0	5.6032365E+00	-4.9021970E-01	)
    (	0	5.7093910E+00	-4.9950702E-01	)
    (	0	5.8155455E+00	-5.0879434E-01	)
    (	0	5.9217000E+00	-5.1808165E-01	)
    (	0	6.0278545E+00	-5.2736897E-01	)
    (	0	6.1340090E+00	-5.3665628E-01	)
    (	0	6.2401635E+00	-5.4594360E-01	)
    (	0	6.3463180E+00	-5.5523092E-01	)
    (	0	6.4524725E+00	-5.6451823E-01	)
    (	0	6.5586270E+00	-5.7380555E-01	)
    (	0	6.6647815E+00	-5.8309286E-01	)
    (	0	6.7709360E+00	-5.9238018E-01	)
    (	0	6.8770905E+00	-6.0166750E-01	)
    (	0	6.9832450E+00	-6.1095481E-01	)
    (	0	7.0893995E+00	-6.2024213E-01	)
    (	0	7.1955540E+00	-6.2952944E-01	)
    (	0	7.3017085E+00	-6.3881676E-01	)
    (	0	7.4078630E+00	-6.4810408E-01	)
    (	0	7.5140175E+00	-6.5739139E-01	)
    (	0	7.6201720E+00	-6.6667871E-01	)
    (	0	7.7263265E+00	-6.7596602E-01	)
    (	0	7.8324810E+00	-6.8525334E-01	)
    (	0	7.9386355E+00	-6.9454066E-01	)
    (	0	8.0447900E+00	-7.0382797E-01	)
    (	0	8.1509445E+00	-7.1311529E-01	)
    (	0	8.2570990E+00	-7.2240260E-01	)
    (	0	8.3632535E+00	-7.3168992E-01	)
    (	0	8.4694080E+00	-7.4097724E-01	)
    (	0	8.5755625E+00	-7.5026455E-01	)
    (	0	8.6817170E+00	-7.5955187E-01	)
    (	0	8.7878715E+00	-7.6883918E-01	)
    (	0	8.8940260E+00	-7.7812650E-01	)

    // max z
    (	0	3.5863010E+00	3.1376070E-01	)
    (	0	3.6924555E+00	3.2304802E-01	)
    (	0	3.7986100E+00	3.3233533E-01	)
    (	0	3.9047645E+00	3.4162265E-01	)
    (	0	4.0109190E+00	3.5090996E-01	)
    (	0	4.1170735E+00	3.6019728E-01	)
    (	0	4.2232280E+00	3.6948460E-01	)
    (	0	4.3293825E+00	3.7877191E-01	)
    (	0	4.4355370E+00	3.8805923E-01	)
    (	0	4.5416915E+00	3.9734654E-01	)
    (	0	4.6478460E+00	4.0663386E-01	)
    (	0	4.7540005E+00	4.1592118E-01	)
    (	0	4.8601550E+00	4.2520849E-01	)
    (	0	4.9663095E+00	4.3449581E-01	)
    (	0	5.0724640E+00	4.4378312E-01	)
    (	0	5.1786185E+00	4.5307044E-01	)
    (	0	5.2847730E+00	4.6235776E-01	)
    (	0	5.3909275E+00	4.7164507E-01	)
    (	0	5.4970820E+00	4.8093239E-01	)
    (	0	5.6032365E+00	4.9021970E-01	)
    (	0	5.7093910E+00	4.9950702E-01	)
    (	0	5.8155455E+00	5.0879434E-01	)
    (	0	5.9217000E+00	5.1808165E-01	)
    (	0	6.0278545E+00	5.2736897E-01	)
    (	0	6.1340090E+00	5.3665628E-01	)
    (	0	6.2401635E+00	5.4594360E-01	)
    (	0	6.3463180E+00	5.5523092E-01	)
    (	0	6.4524725E+00	5.6451823E-01	)
    (	0	6.5586270E+00	5.7380555E-01	)
    (	0	6.6647815E+00	5.8309286E-01	)
    (	0	6.7709360E+00	5.9238018E-01	)
    (	0	6.8770905E+00	6.0166750E-01	)
    (	0	6.9832450E+00	6.1095481E-01	)
    (	0	7.0893995E+00	6.2024213E-01	)
    (	0	7.1955540E+00	6.2952944E-01	)
    (	0	7.3017085E+00	6.3881676E-01	)
    (	0	7.4078630E+00	6.4810408E-01	)
    (	0	7.5140175E+00	6.5739139E-01	)
    (	0	7.6201720E+00	6.6667871E-01	)
    (	0	7.7263265E+00	6.7596602E-01	)
    (	0	7.8324810E+00	6.8525334E-01	)
    (	0	7.9386355E+00	6.9454066E-01	)
    (	0	8.0447900E+00	7.0382797E-01	)
    (	0	8.1509445E+00	7.1311529E-01	)
    (	0	8.2570990E+00	7.2240260E-01	)
    (	0	8.3632535E+00	7.3168992E-01	)
    (	0	8.4694080E+00	7.4097724E-01	)
    (	0	8.5755625E+00	7.5026455E-01	)
    (	0	8.6817170E+00	7.5955187E-01	)
    (	0	8.7878715E+00	7.6883918E-01	)
    (	0	8.8940260E+00	7.7812650E-01	)

)

// *********************** vim: set ft=cpp et sw=4 : *********************** //
