(
    // min z
    (	0	1.4942920E-01	-1.3073360E-02	)
    (	0	2.1816664E-01	-1.9087107E-02	)
    (	0	2.8690407E-01	-2.5100854E-02	)
    (	0	3.5564151E-01	-3.1114600E-02	)
    (	0	4.2437894E-01	-3.7128347E-02	)
    (	0	4.9311638E-01	-4.3142094E-02	)
    (	0	5.6185382E-01	-4.9155841E-02	)
    (	0	6.3059125E-01	-5.5169588E-02	)
    (	0	6.9932869E-01	-6.1183334E-02	)
    (	0	7.6806612E-01	-6.7197081E-02	)
    (	0	8.3680356E-01	-7.3210828E-02	)
    (	0	9.0554100E-01	-7.9224575E-02	)
    (	0	9.7427843E-01	-8.5238322E-02	)
    (	0	1.0430159E+00	-9.1252068E-02	)
    (	0	1.1117533E+00	-9.7265815E-02	)
    (	0	1.1804907E+00	-1.0327956E-01	)
    (	0	1.2492282E+00	-1.0929331E-01	)
    (	0	1.3179656E+00	-1.1530706E-01	)
    (	0	1.3867030E+00	-1.2132080E-01	)
    (	0	1.4554405E+00	-1.2733455E-01	)
    (	0	1.5241779E+00	-1.3334830E-01	)
    (	0	1.5929154E+00	-1.3936204E-01	)
    (	0	1.6616528E+00	-1.4537579E-01	)
    (	0	1.7303902E+00	-1.5138954E-01	)
    (	0	1.7991277E+00	-1.5740328E-01	)
    (	0	1.8678651E+00	-1.6341703E-01	)
    (	0	1.9366025E+00	-1.6943078E-01	)
    (	0	2.0053400E+00	-1.7544452E-01	)
    (	0	2.0740774E+00	-1.8145827E-01	)
    (	0	2.1428148E+00	-1.8747202E-01	)
    (	0	2.2115523E+00	-1.9348576E-01	)
    (	0	2.2802897E+00	-1.9949951E-01	)
    (	0	2.3490272E+00	-2.0551326E-01	)
    (	0	2.4177646E+00	-2.1152700E-01	)
    (	0	2.4865020E+00	-2.1754075E-01	)
    (	0	2.5552395E+00	-2.2355450E-01	)
    (	0	2.6239769E+00	-2.2956824E-01	)
    (	0	2.6927143E+00	-2.3558199E-01	)
    (	0	2.7614518E+00	-2.4159574E-01	)
    (	0	2.8301892E+00	-2.4760949E-01	)
    (	0	2.8989266E+00	-2.5362323E-01	)
    (	0	2.9676641E+00	-2.5963698E-01	)
    (	0	3.0364015E+00	-2.6565073E-01	)
    (	0	3.1051389E+00	-2.7166447E-01	)
    (	0	3.1738764E+00	-2.7767822E-01	)
    (	0	3.2426138E+00	-2.8369197E-01	)
    (	0	3.3113513E+00	-2.8970571E-01	)
    (	0	3.3800887E+00	-2.9571946E-01	)
    (	0	3.4488261E+00	-3.0173321E-01	)
    (	0	3.5175636E+00	-3.0774695E-01	)
    (	0	3.5863010E+00	-3.1376070E-01	)

    // max z
    (	0	1.4942920E-01	1.3073360E-02	)
    (	0	2.1816664E-01	1.9087107E-02	)
    (	0	2.8690407E-01	2.5100854E-02	)
    (	0	3.5564151E-01	3.1114600E-02	)
    (	0	4.2437894E-01	3.7128347E-02	)
    (	0	4.9311638E-01	4.3142094E-02	)
    (	0	5.6185382E-01	4.9155841E-02	)
    (	0	6.3059125E-01	5.5169588E-02	)
    (	0	6.9932869E-01	6.1183334E-02	)
    (	0	7.6806612E-01	6.7197081E-02	)
    (	0	8.3680356E-01	7.3210828E-02	)
    (	0	9.0554100E-01	7.9224575E-02	)
    (	0	9.7427843E-01	8.5238322E-02	)
    (	0	1.0430159E+00	9.1252068E-02	)
    (	0	1.1117533E+00	9.7265815E-02	)
    (	0	1.1804907E+00	1.0327956E-01	)
    (	0	1.2492282E+00	1.0929331E-01	)
    (	0	1.3179656E+00	1.1530706E-01	)
    (	0	1.3867030E+00	1.2132080E-01	)
    (	0	1.4554405E+00	1.2733455E-01	)
    (	0	1.5241779E+00	1.3334830E-01	)
    (	0	1.5929154E+00	1.3936204E-01	)
    (	0	1.6616528E+00	1.4537579E-01	)
    (	0	1.7303902E+00	1.5138954E-01	)
    (	0	1.7991277E+00	1.5740328E-01	)
    (	0	1.8678651E+00	1.6341703E-01	)
    (	0	1.9366025E+00	1.6943078E-01	)
    (	0	2.0053400E+00	1.7544452E-01	)
    (	0	2.0740774E+00	1.8145827E-01	)
    (	0	2.1428148E+00	1.8747202E-01	)
    (	0	2.2115523E+00	1.9348576E-01	)
    (	0	2.2802897E+00	1.9949951E-01	)
    (	0	2.3490272E+00	2.0551326E-01	)
    (	0	2.4177646E+00	2.1152700E-01	)
    (	0	2.4865020E+00	2.1754075E-01	)
    (	0	2.5552395E+00	2.2355450E-01	)
    (	0	2.6239769E+00	2.2956824E-01	)
    (	0	2.6927143E+00	2.3558199E-01	)
    (	0	2.7614518E+00	2.4159574E-01	)
    (	0	2.8301892E+00	2.4760949E-01	)
    (	0	2.8989266E+00	2.5362323E-01	)
    (	0	2.9676641E+00	2.5963698E-01	)
    (	0	3.0364015E+00	2.6565073E-01	)
    (	0	3.1051389E+00	2.7166447E-01	)
    (	0	3.1738764E+00	2.7767822E-01	)
    (	0	3.2426138E+00	2.8369197E-01	)
    (	0	3.3113513E+00	2.8970571E-01	)
    (	0	3.3800887E+00	2.9571946E-01	)
    (	0	3.4488261E+00	3.0173321E-01	)
    (	0	3.5175636E+00	3.0774695E-01	)
    (	0	3.5863010E+00	3.1376070E-01	)

)

// *********************** vim: set ft=cpp et sw=4 : *********************** //
